Configuration 1: without regularization

Accuracy = 70.61%
Loss = 43.1143

              precision    recall  f1-score   support

           0       0.84      0.80      0.82        20
           1       0.89      0.71      0.79        24
           2       0.80      0.89      0.84        18
           3       0.58      0.58      0.58        12
           4       0.75      0.53      0.62        17
           5       0.74      0.88      0.80        16
           6       0.40      0.75      0.52         8
           7       0.86      0.76      0.81        25
           8       0.42      0.42      0.42        12
           9       0.80      0.84      0.82        19
          10       0.62      0.57      0.59        14
          11       0.91      0.67      0.77        15
          12       0.81      0.52      0.63        25
          13       0.48      0.48      0.48        23
          14       0.68      0.83      0.75        23
          15       0.35      0.50      0.41        14
          16       0.67      0.76      0.71        21
          17       0.77      0.91      0.83        22
          18       0.70      0.79      0.75        24
          19       0.82      0.61      0.70        23
          20       0.86      0.63      0.73        19
          21       0.88      0.67      0.76        21
          22       0.48      0.56      0.51        18
          23       0.76      0.76      0.76        25
          24       0.75      0.86      0.80        21
          25       0.65      0.85      0.73        13
          26       0.80      0.80      0.80        15

    accuracy                           0.71       507
   macro avg       0.71      0.70      0.69       507
weighted avg       0.73      0.71      0.71       507
