Configuration 5: with regularizer L2 = 0.001 and dropout = 0.5

Accuracy = 62.33%
Loss = 2.6613

              precision    recall  f1-score   support

           0       0.64      0.64      0.64        25
           1       0.74      0.65      0.69        26
           2       0.77      0.83      0.80        12
           3       0.38      0.28      0.32        18
           4       0.71      0.60      0.65        25
           5       0.75      0.67      0.71        18
           6       0.42      0.38      0.40        13
           7       0.94      0.81      0.87        21
           8       1.00      0.41      0.58        17
           9       0.67      0.67      0.67         9
          10       0.50      0.52      0.51        23
          11       0.38      0.50      0.43        12
          12       0.84      0.64      0.73        25
          13       0.46      0.35      0.40        17
          14       0.80      0.52      0.63        23
          15       0.29      0.14      0.19        14
          16       0.45      0.45      0.45        20
          17       0.73      0.79      0.76        28
          18       0.48      0.73      0.58        15
          19       0.79      0.69      0.73        16
          20       0.34      0.79      0.48        14
          21       0.57      0.63      0.60        19
          22       0.51      0.90      0.65        20
          23       0.64      0.78      0.70        18
          24       0.65      0.69      0.67        16
          25       0.75      0.78      0.77        23
          26       0.83      0.75      0.79        20

    accuracy                           0.62       507
   macro avg       0.63      0.61      0.61       507
weighted avg       0.65      0.62      0.62       507
